gene	effect	se	zscore	pvalue	n_samples	status
ENSG00000001629	80.49547555116955	34.66636099053877	2.3220053461376744	0.021249434803767488	200	NA
ENSG00000008256	-40.868927502400325	19.203163223235734	-2.1282393440758303	0.034553605138272284	200	NA
ENSG00000005020	17.495085526305974	10.099272576746381	1.7323114504888684	0.08477536202169955	200	NA
ENSG00000004846	296.0922145129308	200.14695742272835	1.4793740475782375	0.1406296049658664	200	NA
ENSG00000008311	-5.907620870426156	4.114528805292811	-1.4357952392572297	0.1526385521360819	200	NA
ENSG00000001631	53.33539639932851	39.201957917519906	1.3605288927544146	0.1752093833347322	200	NA
ENSG00000008277	-126.45669391011432	96.07275948122101	-1.316259620239516	0.1896086390333024	200	NA
ENSG00000003147	36.56198597907875	30.209345156235525	1.2102872733582566	0.22761151601209753	200	NA
ENSG00000006715	80.67121210457526	71.07406616312343	1.1350302080568353	0.25773480368631924	200	NA
ENSG00000002726	40.73432192172846	36.2568696142101	1.1234925230766066	0.26258871677139756	200	NA
ENSG00000004799	-15.126879890730738	14.432864759192153	-1.0480857503425696	0.2958767726998084	200	NA
ENSG00000006453	78.29246493994388	82.05219769872483	0.9541787683422479	0.3411566086185787	200	NA
ENSG00000001630	-56.930206174639046	63.06535698905681	-0.9027175757447573	0.3677726797119072	200	NA
ENSG00000005486	-22.489750229032296	25.644705538081908	-0.8769743990873843	0.3815633342716214	200	NA
ENSG00000006576	79.05114261200995	94.76654413223669	0.8341671983068459	0.40519202337988847	200	NA
ENSG00000005471	-14.419855876520817	18.345541759405393	-0.7860141753038198	0.4327988222751986	200	NA
ENSG00000006128	208.69966927177998	283.9620230270302	0.7349562700217626	0.463235718643054	200	NA
ENSG00000001626	149.27429165424803	205.5643000061116	0.7261683650799773	0.4685930892083844	200	NA
ENSG00000005483	130.19500343307936	189.07594396639314	0.6885857645445397	0.49188999530523203	200	NA
ENSG00000002745	131.64281680448582	196.60246534488547	0.6695888404733601	0.5039000020502237	200	NA
ENSG00000006652	6.957539647891695	10.779478605178918	0.6454430592356293	0.5193873511123296	200	NA
ENSG00000002746	24.8064427995132	39.73492381851971	0.6242982347924215	0.5331504060039215	200	NA
ENSG00000005073	-19.317964712578224	33.87683641996519	-0.570241107318783	0.5691606828325564	200	NA
ENSG00000006606	-13.24229165804373	26.66773690022287	-0.4965660081164615	0.6200459716066602	200	NA
ENSG00000005421	-5.245171528649319	11.220548477202572	-0.4674612421403671	0.6406839719316187	200	NA
ENSG00000004766	-7.396728992407051	16.91690619472838	-0.43723887259669314	0.6624146326329028	200	NA
ENSG00000002933	-1.2583373561752094	2.981058337333174	-0.4221109464435728	0.6734020137567996	200	NA
ENSG00000005981	90.17377734923232	233.92852348912393	0.3854757684281489	0.7002987654201661	200	NA
ENSG00000002822	-17.058612680834578	44.26514800336312	-0.38537344728946843	0.7003744397581055	200	NA
ENSG00000004866	-13.258879156103102	35.53496308520949	-0.3731220748508887	0.7094567376361904	200	NA
ENSG00000006625	4.895558108087936	13.268119138507847	0.3689715216589846	0.7125431999227112	200	NA
ENSG00000006634	-14.074580024105718	40.39882084480463	-0.34839086215348625	0.7279168099751449	200	NA
ENSG00000008282	10.612065034761542	34.00883638502832	0.31203846302231275	0.7553396406468021	200	NA
ENSG00000004059	-28.959034046073953	97.05044480325782	-0.2983915643537766	0.7657172332437943	200	NA
ENSG00000006451	11.470771853779212	38.838805310864764	0.29534306634736723	0.7680412961007557	200	NA
ENSG00000006704	6.3382721151780945	22.09514160947855	0.2868627061642842	0.77451741160289	200	NA
ENSG00000004864	2.040630743334672	8.679010888361411	0.23512250066089516	0.814356643864959	200	NA
ENSG00000005469	21.24498057648644	116.2760702225647	0.18271154620053207	0.8552112993665147	200	NA
ENSG00000004948	-21.810884328944915	121.58339503816636	-0.17939032153279022	0.8578146726931333	200	NA
ENSG00000006459	18.251923685498213	135.57758790107874	0.13462345781527943	0.8930463418514253	200	NA
ENSG00000006468	-2.5013699396528324	23.522038775258064	-0.1063415447764642	0.9154190338079017	200	NA
ENSG00000005108	4.648621608007067	45.581655745815304	0.10198448327392849	0.9188721977205482	200	NA
ENSG00000005075	0.9718986215369654	14.127114394352146	0.06879668376760076	0.9452208848100649	200	NA
ENSG00000006377	9.668061492932964	237.39758994179448	0.040725188049732915	0.9675560167319804	200	NA
ENSG00000006747	1.0910854148152644	27.42150800835679	0.03978940233639787	0.9683011164709623	200	NA
